106
107
105
61
55
51
57
45
47
49
108
110
104
109
111
44
61
55
51
57
45
47
49
108
110
104
109
111
44
61
55
51
57
47
49
112
116
114
118
104
115
119
44
46
47
49
112
116
113
117
61
55
51
57
45
47
49
45
47
37
41
43
39
37
41
43
39
37
41
43
39
37
41
43
39
37
41
43
39
37
41
43
39
37
41
43
39
37
41
43
39
37
41
43
39
37
41
43
39
37
41
43
39
37
41
43
39
37
41
43
39
37
41
43
39
37
41
43
39
37
41
43
39
36
38
40
42
36
38
40
42
36
38
40
42
36
38
40
42
36
38
40
42
36
38
40
42
36
38
40
42
36
38
40
42
36
38
40
42
36
38
40
42
36
38
40
42
36
38
40
42
36
38
40
42
36
38
40
42
36
38
40
42
36
38
40
42
44
46
48
44
44
44
44
46
44
48
48
48
50
58
44
58
59
50
50
50
60
54
58
56
52
50
58
58
48
48
48
44
58
44
46
44
48
50
60
54
58
56
52
50
58
44
44
46
50
50
60
54
58
56
52
44
46
50
60
54
58
56
52
93
94
80
95
79
53
61
51
55
59
57
50
58
50
50
50
60
54
58
56
52
50
58
53
61
51
55
59
57
50
58
50
50
50
60
54
58
56
52
50
58
50
60
54
58
56
52
50
58
50
60
54
58
56
52
50
58
50
50
60
54
58
56
52
50
50
60
54
58
56
52
50
60
54
58
56
52
50
60
54
58
56
52
98
99
80
100
82
79
101
122
123
121
41
43
39
41
43
39
138
140
120
40
139
141
42
41
43
39
41
43
39
138
140
120
40
40
139
141
42
41
43
39
41
43
39
130
134
120
40
40
131
135
132
136
41
43
39
41
43
39
130
134
120
40
40
131
135
132
136
41
43
39
142
146
144
148
120
145
149
36
41
43
39
142
146
144
148
120
145
149
36
142
146
143
147
156
157
151
158
153
159
155
53
61
51
55
59
53
61
51
55
59
160
162
152
161
163
53
61
51
55
59
53
61
51
55
59
160
162
152
161
163
53
61
51
55
59
53
61
51
55
59
160
162
152
161
163
58
58
53
61
51
55
59
53
61
51
55
59
160
162
152
161
163
58
58
53
61
51
55
59
57
53
61
51
55
59
57
52
60
52
60
54
67
54
69
54
65
54
63
71
54
67
54
69
54
65
54
63
71
164
167
165
168
152
166
169
53
61
51
55
59
57
53
61
51
55
59
57
52
60
52
60
54
54
67
54
54
69
54
54
65
54
54
63
71
164
167
165
168
152
166
169
62
62
53
61
51
55
59
57
53
61
51
55
59
57
52
60
52
60
54
54
67
54
54
69
54
54
65
54
54
63
71
164
167
165
168
152
166
169
